0.4195190370082855
0.39067938923835754
0.3612406849861145
0.30505137890577316
0.3216917872428894
0.30932699888944626
0.32005032684121815
0.3248154316097498
0.3296395887931188
0.32923259288072587
0.31518327647989447
0.30331330746412277
0.2999988083656018
0.2971280153308596
0.29084859987099965
0.29613081831485033
0.28874129845815544
0.28753606230020523
0.29464668113934367
0.29389085844159124
0.2895762331428982
0.2864184128967198
0.28552640067494434
0.27895436560114223
0.27990413427352906
0.28192819081819975
0.27996412968194045
0.2848463053149836
0.2808002279750232
0.27824639628330866
0.2793014727292522
0.2792169931344688
0.28064197527639795
0.2830375042908332
0.28173590685640065
0.2791903474264675
0.27990257095646215
0.28002032402314636
0.2795314154563806
0.28130572140216825
0.2782545522218797
0.2792550477953184
0.28033099236876463
0.2798405753617937
0.27973664767212336
0.2771418007171672
0.2767450952149452
0.2762660828108589
0.2775441800453225
0.2755324074625969
0.2781753069629856
0.2786298901415788
0.27767336649714774
0.27727311739215144
0.2782861211083152
0.27934941968747545
0.2785873386943549
0.2769448438595081
0.27550966027429546
0.2748107093075911
0.2759592525783132
0.2748918545342261
0.27501835638568517
0.2743158449884504
0.27250248262515436
0.27119250776189746
0.27140722612836465
0.2701388014590039
0.27046359881110815
0.2694648121084486
0.2688484941150101
0.26769342666698825
0.2701654705691011
0.2694656337435181
0.26946142355600994
0.2680574361430971
0.2688898564159096
0.2682970764163213
0.26756362239771253
0.26628512553870676
0.26486434833503064
0.2646640084865617
0.2655853277229401
0.26483662905437605
0.2636831164360046
0.26312580046265627
0.2638043613954522
0.2628835685212504
0.2617478827747066
0.2620339630378617
0.26233799624574056
0.26234556750758836
0.26274250351613565
0.26214650733039735
0.2624636378727461
0.26225091330707073
0.2624171695758387
0.2621153384751203
0.2612568603621589
0.26030569449067115
0.2601698979292766
0.2604171624955009
0.2601124964003424
0.2615314362427363
0.2599185768337477
0.2609319839415685
0.26158855597828035
0.2617596297490376
0.2618867889593501
0.26151641045104373
0.2596977462841047
0.25993390324791626
0.25914904590597193
0.25920585670361396
0.2598056216278802
0.2596000562389863
0.26046288583395827
0.2604605763582355
0.26014440472261247
0.26042369849359
0.2596435294109435
0.2589066491202741
0.2601199909378358
0.26205027256641655
0.26055377915501593
0.25951821218052556
0.25924947098132195
0.2589972495625261
0.25878567546028497
0.2586279621777626
0.25936058826232683
0.25945649705262797
0.2590534409466095
0.2590476479381323
0.2588249356934318
0.2587137988439816
0.25811011102186504
0.2578601882779512
0.25748558259374804
0.25804616694471666
0.2569317602889335
0.2567419528069211
0.2571794237238127
0.256589599341775
0.2553939413150837
0.2551511044116461
0.25450068243405444
0.254585931404821
0.2557422342466428
0.2559152894963821
0.2552861137846053
0.25517383842778046
0.25575727202436505
0.25580655655206797
0.2554545112915577
0.2555561821000316
0.2548174668981391
0.25414024640016164
0.25405924713367933
0.25410230110865084
0.2536857331530278
0.2535784729974873
0.2529119260243477
0.25344121417530424
0.2530738518770897
0.25206109748996164
0.25291906495740313
0.25254201979952906
0.25264652507633145
0.25191905079957316
0.25154837558579723
0.2518240418934891
0.25171302872672247
0.25260102922289535
0.2529228065907955
0.25310175089080905
0.2530047988024472
0.25266173174290846
0.2528483244335518
0.25306311938911674
0.25364563488581565
0.2532766715388049
0.2535701202116703
0.25344520250497304
0.2535928993007621
0.2540736431756648
0.2533883323524406
0.25424551759707803
0.25372677404807986
0.25303922556340697
0.25276332479262853
0.2521550033125095
0.2526237103180873
0.25316373237706336
0.2529118758172561
0.25316630366581433
0.252875652202041
0.2530842458998615
0.25285700571971326
0.2522835242934525
0.2523326650076541
0.25248788830151064
0.25308316096369854
0.2530987812206149
0.25241702880437783
0.25209647350157927
0.252380189454354
0.2528047724089657
0.2529848406724097
0.2525491133154858
0.2519961473889543
0.2521101856112199
0.2523148419256781
0.2531723592987406
0.25307197735406634
0.2533404243316639
0.2532335920645619
0.253701305426999
0.2532603967781753
0.2531586371192878
0.25314822231684875
0.2529844082388523
0.25287933472226554
0.2530060273961031
0.25345605365104146
0.2532718956833128
0.2536795769329901
0.25345335016844045
0.2535229146187743
0.25339170964839663
0.2532328380618519
0.25320063767440876
0.2533205702037514
0.2529383306670138
0.2526030753996778
0.2523683359278208
0.25147365033626556
0.2513039909741458
0.2510417911796889
0.25079649637142815
0.25073854903462517
0.2511979226977372
0.25115345596286004
0.2513543896254946
0.2510971285250722
0.25091610800444597
0.2505662385148075
0.2505008255041415
0.25120217038924436
0.25092392855882645
0.2514884581722586
0.25099278968714533
0.2507401181186141
0.2505618678772543
0.250421659969816
0.24996135622495785
0.24998691973751158
0.2497850792814595
0.2494372474640953
0.24990887217796764
0.24948656267818364
0.24907628463879797
0.24935472453501742
0.2494935691356659
0.2490970585143791
0.24904065646399232
0.24882841835754194
0.24847142820927634
0.24855854287466594
0.248663181287271
0.24845214529011084
0.24869778100401163
0.24902715651325255
0.24877966793566725
0.24932522670789198
0.24891433967412382
0.24840908287772204
0.24813506578048355
0.2480442999030954
0.2482033110888941
0.24778951139742794
0.24797005637000638
0.24790033079394183
0.2476380717953746
0.24799289387046244
0.24815971042205404
0.24784386389035382
0.24775186866625315
0.24794515825576025
0.24770756253394588
0.24733107327083542
0.24693238640790932
0.24689455775372404
0.24637757061796933
0.24626834718352658
0.2470212050436719
0.24716140387535898
0.247269453343329
0.2474890249877869
0.24720786161720754
0.24672384243272863
0.24655196327247367
0.24679195713682142
0.24649656524783686
0.246194952335514
0.24556970816665616
0.24548709121948345
0.24547311669675173
0.2455360465667973
0.2456085737313955
0.24495811442997295
0.24495472657518128
0.24490701846373727
0.24459800621269234
0.24445497406617042
0.2439812719468263
0.24419770261701726
0.24436265517190192
0.2441857779591248
0.24446466631488875
0.24454984738494376
0.2444832760562993
0.24456664104441372
0.24413784608290887
0.24386517732189253
0.24368836736432248
0.24347742149087997
0.24334468752736363
0.24321046921121675
0.24316381835802034
0.24278718004639055
0.24291252377386913
0.24270190787431714
0.24216135348120849
0.24188774652890305
0.24155497508833096
0.24130956684888646
0.24145804083294417
0.24143302627457278
0.2411257999127402
0.2407239137157317
0.24100874207521739
0.2408183359109278
0.24081201933670876
0.2406764027433119
0.24054678650088393
0.24043906057087078
0.2403727069754025
0.24049819399600042
0.2406149828859738
0.24091275078788443
0.24078335541046478
0.24060755651496962
0.2407596953592058
0.240739643573761
0.24081319687741526
0.24092284212259352
0.24082681087142263
0.24083109656582305
0.2406598827905125
0.24149707661441158
0.24114953812973275
0.24110974219548145
0.2409110085649805
0.24054177834154808
0.24082485678010299
0.2405433609513236
0.2405281235544902
0.24072442599509145
0.24074541755221984
0.24080316137994395
0.24071001908391393
0.24061733006871738
0.24012749139119915
0.23997079144914946
0.23989734306257773
0.23962581496616572
0.23962756359663906
0.2394768310548605
0.23932651221556098
0.2394059134886803
0.23963156610688302
0.2396165955685293
0.23938841449368434
0.23928447879560583
0.23896590017091116
0.23880585876969712
0.23898022824456705
0.23918899751069614
0.2392003915917415
0.2392528342831013
0.2391157568698483
0.23906469059771557
0.23921249000365055
0.23923425703674933
0.23901260774958916
0.2391121093493415
0.2389917893981065
0.2389262857424436
0.23916098724119364
0.23909522406292377
0.23912538679789253
0.23929559884052123
0.23940997971867276
0.23956116654070808
0.23959773238473045
0.23946654301420475
0.23894588055783042
0.23911760843980576
0.23928889368728892
0.23932172098806595
0.23936654068529606
0.23946549259937994
0.2392847005115903
0.23917062252041804
0.23912087192114156
0.2392254744966825
0.23912266312104663
0.238946436715439
0.23898616498779682
0.2391651199329777
0.23892013974028742
0.2390240181246266
0.23880576024288838
0.23877376926295898
0.2389495404778232
0.23852594801392712
0.23834133131655855
0.23862463330507
0.23848496738734634
0.23894307951674107
0.23874565263071823
0.23873241250048333
0.23852469354078243
0.23827161961074533
0.2381066463699718
0.23769122148167077
0.23756332573859387
0.23744875016985015
0.23723171272907745
0.23722081066292972
0.23712495748981902
0.23726975498195427
0.23722954759760215
0.23699347387706296
0.23701237938095368
0.237356805036332
0.23746267161498377
0.23726448278152332
0.23698215785125892
0.23698861843301294
0.23704735956987186
0.2368462457348311
0.2370213539245239
0.23715555031712238
0.23730723408720733
0.2372066413074797
0.23733455488482677
0.23722517535025517
0.2370093131761836
0.2369862636733081
0.23666312704386908
0.23658065936381306
0.2365570191759616
0.23638429661752075
0.23636666551839897
0.23617843285649695
0.23632738498063424
0.23629470237060143
0.236205954001622
0.2362682742250573
0.23633035847727776
0.23614396580965524
0.23584656999741174
0.2356120000936483
0.23554191321228482
0.23535914315336406
0.23527201177030177
0.23554578388502553
0.23556493215728552
0.2359966025949144
0.23597341237195546
0.2358575639687093
0.23577237522522035
0.2359065299104784
0.23611525417815266
0.2361079455569417
0.23606816901382607
0.23639024257019986
0.23665015389572602
0.23666548931519757
0.23640112355502882
0.23640838305467765
0.23629214564104553
0.2363338557231908
0.23627022357146826
0.23610630650185724
0.23589332303757887
0.23604391468222252
0.2359122243002057
0.23570913258575632
0.23563888824110724
0.23555764660357717
0.23554215820447083
0.23549913732279645
0.2353491904545325
0.23521175087820848
0.2351512511546804
0.2349730921005336
0.23510732382682023
0.23524617852092722
0.2350897694195737
0.235024659903484
0.23510614705021976
0.23494753546072442
0.234912725187145
0.23485571904760033
0.2352935295897216
0.23570647087084534
0.23550935010067545
0.2354422397339527
0.23547646475392056
0.23532410049330207
0.2351246491885026
0.2351139360737233
0.23510632591017525
0.23511290101359195
0.2349764708725905
0.23497425944373604
0.23479169711892334
0.23459910698894504
0.23440767164321097
0.2342216955466409
0.2343865300734503
0.2344194494466358
0.23434451056310712
0.2342146884310068
0.23401780657082463
0.23395933510117053
0.23409611470307465
0.2341138562755642
0.23400746660506375
0.23403710852039233
0.23409519953351907
0.23375611238249944
0.23365100318968515
0.23381141466948407
0.23417930589159475
0.23409154377402722
0.23413148339499126
0.2339296478054701
0.23381041724612747
0.23362016680551048
0.23354421886833995
0.2334190520617339
0.2332046315368774
0.2331126986248703
0.23315340783914357
0.23337132059877375
0.23378394454983728
0.2336314831480198
0.23384094406648462
0.23384110027424607
0.2341225517002192
0.2339810246519283
0.23412429566360193
0.23399409668838747
0.23388880130533182
0.23384239859813546
0.23408580180584337
0.23417830199733924
0.23409761708568444
0.23401962674465063
0.23388195070292062
0.23386298888403437
0.2338584773371824
0.23391275912316667
0.2338681865135485
0.23368738168313302
0.23361775167286397
0.23356584913502873
0.23354100834104613
0.23356949548216258
0.23345864537388902
0.23348775958148843
0.23376454304865601
0.23372782069992978
0.23375486758645295
0.2338332914208111
0.2337990954392037
0.23360255811924457
0.2334753636371445
0.23344276229808544
0.23341069056931568
0.2334725321841841
0.2335045263171196
0.23351832385638252
0.2335275823007459
0.23345298413342744
0.23340967607994875
0.23318011716578446
0.2330675874388099
0.2329769404620476
0.2330090239989442
0.23282000172483033
0.23277890961309863
0.2328497232160419
0.23276543314568698
0.23289450343655443
0.23287596132178776
0.23275450556104585
0.232634306477468
0.23289323318597738
0.23278309129396946
0.23271647736551315
0.23265782394144055
0.2326921666919509
0.2326556136620662
0.23251670400381858
0.23252990095605774
0.23248444738739354
0.23245437161763383
0.23251356771679216
0.2327394233419536
0.23239940372407436
0.23242540246607682
0.23240212065596996
0.2323095869528023
0.23226649981933767
0.23221870020682375
0.23207736639645418
0.23226596694144927
0.2324656533963072
0.23246062559601544
0.232518829848236
0.23246624063899587
0.2325083752436157
0.23235566202597838
0.23250620175263784
0.23250728718412575
0.23240621739856074
0.23275832243182484
0.23267593005060871
0.23247421334746368
0.2323800864925449
0.23238508053550688
0.23239132113340188
0.2323110239137608
0.23219684545576388
0.23214879596176055
0.23205509668247581
0.23199060082469888
0.23186868528163726
0.23184146849148043
0.23172899180639336
0.23186788336294362
0.23202697822435714
0.23195776803911547
0.2319448397258842
0.23182194154766023
0.23159584372322697
0.23143659332581426
0.23156879555439608
0.23158980711610114
0.23168639633384414
0.2314886999241001
0.23153885898237553
0.23144538453807997
0.23127913394572577
0.23108406879508228
0.23104380864799912
0.2310566599785705
0.23104672938485646
0.23145446982455803
0.23166644927252222
0.23163554148153354
0.23143788752595906
0.231344024062838
0.23127528255605118
0.23111672865719918
0.2310763867913845
0.2309883062719556
0.23100352147389558
0.23111277326059185
0.23101957799037443
0.2310951469607282
0.23104226818847778
0.23116510109921787
0.23143865278123166
0.23146657813880323
0.23144155315645093
0.2313631326363912
0.23138931971769056
0.23143403697758913
0.23137934280546021
0.23119305754776232
0.23123937331866928
0.23115976084087758
0.23113099264729772
0.23106029075969542
0.23111774097229973
0.23114610987415596
0.23123231089036717
0.23132455843998204
0.23144516196392528
0.2313648365390495
0.23129091804644258
0.2313367960958789
0.23124092899010698
0.23128437523428402
0.231143706728365
0.23110410457822295
0.23100900083393652
0.23093603912177457
0.23092578280378473
0.2310245607500927
0.231080654044759
0.23107605516485102
0.2309580409616978
0.2308820315093423
0.23075409799597216
0.2308819985141013
0.23091846483696463
0.2309071322805274
0.2308194188182724
0.2310190691122626
0.23096843127115146
0.2307347135060559
0.2307526679231756
0.23089974978555963
0.23112718847347105
0.2310726645942065
0.23106769724186169
0.23112120681089585
0.23110800939707124
0.23111979662106655
0.23120921622491675
0.23109074981585348
0.23109522978844516
0.23108514010453143
0.2310023527069573
0.230856173812359
0.23078920194580851
0.23080521195836526
0.2307615696258793
0.23058792881557752
0.23050694056653195
0.23049699388354777
0.23037106131709545
0.2302712095454335
0.2303076143464577
0.2303566909568543
0.23036015651882644
0.2304660574031564
0.2304912856157055
0.2305992445612829
0.2305039646992241
0.23035699747119462
0.23041587004656455
0.23051589143854614
0.2305406418245937
0.23051879659363525
0.23042279560738982
0.23048293599078715
0.23049209595846584
0.2303735714079934
0.23027927088253736
0.23016075495737218
0.23026374138174735
0.2302929015201214
0.2301149229010526
0.22999715543270033
0.22976089674945713
0.22961599206749245
0.22952710686431776
0.229544254540725
0.2296152180480259
0.22969330426133153
0.22988594948183816
0.22984249897731038
0.22972982723346974
0.22986856406159184
0.22985391397062466
0.22963331166740356
0.2295988910920491
0.22957452447520943
0.2295565990307469
0.2295584435489615
0.22976597040863317
0.22979438557890774
0.2297979848749003
0.22990881260531493
0.22996037939391928
0.22989768430036997
0.22985968470057977
0.22980063249726765
0.22985854616138612
0.22974228368077734
0.22965536760084695
0.22966920759761705
0.22971856858483639
0.22970485912306127
0.22964420352608966
0.22962463369352085
0.2296609861533279
0.22959100549564543
0.22958076247873876
0.22957293853615549
0.22966956714921077
0.2297652510052294
0.22981612222859435
0.22968776828925966
0.22969480148696444
0.22955457648578162
0.2295909354863174
0.22960478511374152
0.22947653950473598
0.2294874618212467
0.22945213613756482
0.22941370831075603
0.22937503362008702
0.22940994519287145
0.22924538805202682
0.22933424567324517
0.2294513287621014
0.22941526127686007
0.22931792262937095
0.22957491209946465
0.22945286291544703
0.22936702766736228
0.22927297652888456
0.22927419967779245
0.22912595173543027
0.22898807717214742
0.22905199252247455
0.2288947393560702
0.2288995911895766
0.2287771398566112
0.22875881647298177
0.22873080893685774
0.22864427047423957
0.22851204286570576
0.22844172089911935
0.22843305111787685
0.228358498782184
0.22819157167784782
0.22806406936167334
0.2280104344486663
0.2279179189792967
0.2278375208049136
0.22798899061470068
0.22803480003440113
0.22802581721294457
0.2279140915071692
0.22778415442253763
0.22773450185875538
0.22772589655616945
0.22782995434812245
0.22784926232527314
0.22782245476968413
0.22782605939461448
0.22779061333460002
0.2277209013635735
0.22756647922452194
0.22756856981600296
0.22741627248593416
0.2273695661161082
0.22717799489442173
0.22711004698552595
0.22697307798240718
0.22693302420135822
0.2269359385154697
0.22693892762295365
0.22688723473385555
0.22680478322718825
0.22679842746769796
0.22677790184325816
0.2267552824003584
0.22683670923783442
0.22677715376908467
0.22661596386313912
0.22667160419253063
0.22661555910510425
0.22647970480153262
0.22650737021812947
0.22648932803506305
0.22641599719468272
0.2264182239389131
0.2265828421823387
0.2265767122440961
0.22645936426565502
0.22647967756070164
0.2264355802209787
0.22631595643983124
0.2263218993602019
0.2262822306137033
0.2261853803015639
0.22608278280451793
0.22607936611703625
0.22605126715575655
0.22588809727009937
0.22590536274998851
0.22595197331378955
0.22586347613755647
0.2257327299770894
0.22559883448173998
0.22551983597564132
0.2255230697901665
0.22570018025424549
0.22554414324912725
0.22547577536009603
0.22531300320968098
0.22524424850622443
0.22531017927041266
0.22531498851549756
0.22527378031528478
0.22530395463880887
0.22528970408941212
0.22519836794702544
0.22513902422405133
0.22515361017702262
0.22528914624215013
0.22528390015070837
0.2253072717735036
0.2251641653458009
0.2251272747639092
0.22497172021340206
0.2249926912762899
0.2249637819662193
0.22478161761236767
0.22488672039986746
0.22478072283901435
0.22471780571307975
0.22468581372309612
0.22470543426984452
0.2247675912729345
0.22474625427772865
0.22472973332515975
0.22469689502034643
0.22465922166097987
0.22466874658847652
0.22469174331390238
0.2246092451501278
0.2247727202760624
0.22473291142316407
0.2245826676082315
0.22453034299582147
0.22459022051022084
0.22444488103643798
0.22462747677572464
0.22461599840358543
0.22458172442602822
0.22452457882620291
0.22441088439666312
0.22427154904455726
0.22431362962942555
0.2242715403441507
0.2241605034502445
0.22412562208896944
0.22410269985169481
0.22422301493445557
0.22420186859414198
0.22414925606459038
0.2241343514881719
0.22392062998806256
0.22381440703573927
0.2236959304132777
0.22368192409496168
0.22376712275547878
0.22374777053434824
0.22386398408120742
0.22385322684307157
0.2238629968781388
0.22388658568538436
0.22396492198491708
0.2239744046122813
0.22392512420182828
0.2239216802706504
0.2239170717389396
0.22384657552655862
0.22377242081087542
0.223812226957192
0.2238022751901545
0.22375073686726693
0.2237512245396067
0.2237320753158227
0.2236154822608137
0.22350009739670434
0.2235544027480004
0.22349821429210479
0.2233954083050416
0.22333360147181777
0.2231717603459339
0.22326519594375996
0.22327859421920537
0.22345369078039404
0.22342057051576128
0.22336655516991158
0.22330348638890385
0.22325541921705008
0.2232225517426933
0.22309005546742333
0.2230395997316388
0.22304420816559953
0.2230128620468562
0.22306607981355006
0.2229235652675103
0.22298324782963072
0.2230289072551505
0.22300084402213002
0.2229087312294043
0.22280028345350456
0.2228136338801045
0.22284155621889545
0.22271578088769772
0.22269555505394467
0.22257032204371754
0.22251012108210028
0.22248487577383372
0.22244044112078115
0.22254777295436495
0.22248371596468172
0.2224832655295715
0.22253797399025643
0.22262704207402903
0.22260957412407179
0.2226295823407266
0.22263427047559028
0.2226074297049882
0.2224942682799205
0.22244829683050615
0.2225050618150091
0.22248631207288638
0.22249768813441523
0.2225214374454125
0.22242221672763926
0.2223366373285953
0.22237523935864426
0.22238163918945167
0.22232495969734511
0.22223094370534624
0.22223113807572514
0.2221156510302113
0.222149094730844
0.22207924642346122
0.2220835654389106
0.22209650289477229
0.2219918483498556
0.2218827809588016
0.22187186948600268
0.22188367534404024
0.22185347455167725
0.2220177380659981
0.22209547957020195
0.22218860389920772
0.2223161619198932
0.222324136760907
0.22227086534544066
0.2223115677578591
0.22237729398568845
0.22242845741647466
0.22239280786021506
0.22242072536518073
0.22239977895121152
0.22244728801535887
0.22246370779780242
0.22241149399335292
0.2224592999781897
0.22243417657988443
0.22240065994245983
0.22240378873215783
0.2224081335519788
0.222339753870473
0.22247061594710227
0.2224678601151289
0.22236753015546995
0.22230833743940157
0.22229782660562608
0.22232920755878216
0.22227317696368254
0.22226837342200073
0.22215117994083053
0.22219748527417002
0.22218346008103051
0.22216866841101976
0.22216205693383462
0.22211184995565925
0.22212548468344132
0.22216873736393572
0.22210816537978453
0.2221087231194066
0.22217866818628687
0.22219806303562425
0.2222358973073676
0.22219245999234996
0.22222218588402454
0.22213043321396073
0.2220246290045032
0.2219250945881131
0.22186089679598808
0.22179497343967655
0.2218025395825857
0.22175304159346432
0.22176269480985575
0.22177932126219996
0.2217447480715636
0.22169012583745096
0.2217321842505398
0.22170099343288258
0.22167691028601413
0.22162510481479467
0.22153313147748332
0.2215971217121718
0.2216121494917189
0.22161318863587529
0.22171560558073197
0.22156873340038924
0.22149656214526386
0.22158150123207562
0.22151423455881222
0.2214709323474491
0.2214474745108057
0.22142429641868425
0.2214205038478578
0.2213943544096417
0.22129641849130763
0.22123197470762715
0.22123765775022355
0.2212095531322346
0.2212035360457623
0.2210927963204135
0.2211040058979508
0.22113602044881178
0.22112415164603968
0.2210698759765877
0.22101054088750355
0.2209964541221986
0.2210028574970569
0.22107698423648947
0.22108684987352606
0.22106868695993365
0.22099436426799476
0.22100394376254562
0.22100851813761088
0.2208920806841559
0.22084228812113899
0.2208657064316786
0.22088357224048014
0.2211381913826609
0.22115291820272157
0.22111805721301808
0.2210001186855758
0.22096645350003388
0.22092062969606505
0.22089739449612505
0.220979859801106
0.220923654277879
0.2208497642647211
0.22089144250665685
0.2208815970939809
0.2208365104277518
0.22079531132867128
0.2207738756620976
0.22069200292178445
0.22062880786959194
0.22065743053808015
0.2206616918552402
0.22055003735275097
0.22061381890566764
0.22064323633527144
0.2206145212894113
0.22054460523300407
0.22048542060383547
0.22044841859496025
0.22039104198521756
0.22039452218608993
0.22040784801455404
0.2203278015786703
0.22036368361942035
0.22035870154909157
0.22039484618756855
0.22044100156668478
0.22041381577491156
0.22041305773136383
0.22032818198832782
0.22037072314505432
0.22034462340483668
0.22034714395424934
0.2203675195248915
0.2204313041344911
0.22040630659943963
0.22035947192660313
0.2203163143562751
0.22042421566656287
0.2204256831040941
0.22042875767476783
0.22042474024302777
0.2203954108656448
0.2202337102900827
0.2201806159860765
0.22010323251880626
0.22002044974511703
0.2199231526943687
0.21989526366196152
0.21985283577312326
0.2198646813430275
0.21997429763044862
0.22001940224609579
0.22004450763197503
0.22003040892987952
0.21998672650451753
0.21995630881690695
0.21987456359546587
0.2198694570364409
0.2198950659698297
0.2199615458084736
0.22001347243143038
0.22004151687925233
0.22004324473880715
0.21998777811980394
0.21997175832339283
0.21993927353819293
0.21989634936296198
0.2198596581363186
0.2199043254691119
0.21981857335848237
0.21997174111019574
0.21994308336616678
0.21988506887208115
0.2199054108690319
0.21989046187752104
0.21981495359229142
0.21973996575459512
0.21970805207439478
0.21963156650393356
0.2196694717676195
0.2196337726846542
0.21966004291450025
0.21964512497661717
0.21954764980191907
0.21961802289063992
0.21967217306218045
0.21960021533095972
0.21961236491625669
0.21956586544981682
0.21955735101715854
0.2195324587240612
0.21956689449665973
0.21954296266076992
0.21946896936148405
0.21947132937645883
0.21944083223869196
0.21938558042209955
0.2193124281967347
0.21929737707503527
0.21933425906422743
0.2192545025672411
0.21922031711692225
0.21917648775454218
0.2190767994342697
0.21913244735233894
0.2190571285462488
0.2191203819692536
0.21905857438215678
0.21904829947108573
0.2189987524093304
0.21894952485921493
0.21885669241844433
0.21879649994684966
0.21884184166290394
0.21882496160886636
0.21888550637881476
0.2188541489782782
0.21881495569240494
0.2188793001557682
0.21880585995581597
0.21880704534262677
0.2187281124489105
0.21881218166458272
0.21878601997595978
0.21872534665550272
0.2187196455486177
0.21870857073445618
0.2187696088415881
0.21879963109900283
0.21870779109217842
0.2187033158415102
0.2186713043169367
0.21864442021966768
0.2186291327064698
0.2186315059301167
0.21858080545578717
0.2185986502296295
0.21862921047195724
0.21875172066268544
0.21877223257705522
0.2186582300254792
0.2186288777064354
0.21860827141232772
0.2186446139144783
0.21859967279506362
0.21852229292234104
0.21845678842597208
0.21850335150471448
0.2185193337171813
0.21861948457847466
0.21855617263129903
0.21855408503938842
0.21850694491007885
0.21848567999927826
0.2184537872430548
0.2183062036822709
0.21830554723297016
0.21836958329166362
0.21841567138585302
0.21853615262327677
0.21863905156855792
0.21860486614109442
0.2186237966233668
0.21862380906770176
0.21863244235075666
0.21852948041787756
0.2185052036873022
0.21848553937671317
0.21842709176664082
0.2184255633638051
0.21852925081527494
0.21854084017349923
0.21853241014684655
0.21846731954667353
0.21842934785426155
0.21845789620367526
0.21858154725498574
0.21849805848586415
0.21856157528829484
0.2185129460956745
0.2186010166885653
0.2186954603384295
0.21868853522791534
0.21864797794607593
0.21859856891340945
0.21853395660536923
0.21849470516515596
0.21848487152463003
0.2184574796613929
0.2184564128966468
0.21844387273757035
0.21842445841318864
0.21844301587888892
0.21849934727229453
0.21852956350746638
0.21848107192433885
0.218522121522683
0.21850526088812944
0.21855961421154083
0.21844205253408633
0.21846944023151563
0.2184080186550984
0.21839990530703066
0.21842253899256533
0.21839032784476603
0.2184687142237124
0.21845151025662507
0.21841920450974334
0.21836653225969918
0.21824668385470244
0.2182001880347598
0.2182791267973725
0.21825543219608665
0.21816125775884537
0.2181276469651058
0.2180679961115817
0.21803971441857414
0.21802117175041674
0.21794979308951984
0.2179022713910875
0.21785988017494642
0.21791308885778155
0.21793222564601483
0.21784665255766847
0.21780558946359685
0.21767826342494287
0.21769823646543254
0.21778259091240737
0.21773963473495164
0.21763857269947234
0.21760619672655887
0.21768580619460481
0.21769695112426732
0.21759301807007772
0.21761977873169458
0.21761912452431673
0.21754890480543415
0.21748276391845608
0.21749954234581695
0.2174899685823687
0.2173939308467599
0.21737104675896435
0.21739416356179184
0.21736776525686893
0.21734816566918
0.2174699838258613
0.21749145392904687
0.21755981096398203
0.217517617941433
0.2175746572523207
0.21755974140089712
0.21756433957224627
0.2175437166858557
0.21754428402170645
0.21748995299640486
0.21751364301784604
0.21753169717735124
0.2175713956930386
0.21759097972364813
0.21756131565303535
0.21754297471342998
0.21770659564338804
0.21762330713796732
0.2175328870553156
0.21754823231585926
0.21753736765355752
0.21757220720069892
0.2176280391135703
0.21764531243004298
0.2176104862880364
0.21760663501631153
0.21763455808027035
0.21762563756154166
0.21767096037787576
0.21765989886504383
0.2176087371271374
0.21759140598330978
0.21756187143425146
0.2175472895001493
0.21750210584361823
0.21740232039147064
0.21736797693759327
0.2173076893246323
0.21724333375330188
0.21724730709633588
0.21729332719375372
0.21727583832827113
0.2173926169671882
0.21736647044550175
0.2173051606286652
0.2173438802459319
0.21732702571641427
0.21731571150009102
0.2173127901374266
0.21731747268120805
0.2173310205591817
0.21731588185212977
0.21727701338287314
0.21727884561591543
0.21732972928957378
0.2173004046609202
0.21718676679541546
0.21711654624581908
0.21707474920541456
0.2170968935566761
0.2172035309352317
0.21719662666381914
0.2171818019435461
0.21718850623523822
0.21720648177303525
0.21720570621944726
0.21712870563428635
0.21706055756975307
0.21705426594027047
0.21702302404806614
0.21702755270930735
0.21701993077528048
0.21692541601032705
0.21689782759395695
0.21684920441026126
0.21680893900330678
0.21675034564527834
0.2167275765252081
0.21667602779595432
0.216616371776066
0.21657924113264773
0.21660835039691995
0.21654632842203356
0.21661603537071433
0.21664466046067618
0.21670319716162384
0.21669451656040326
0.2168229450468572
0.21684165465951766
0.2169319009776886
0.21690747099891106
0.21688141612422124
0.21680699795025737
0.21682256387926663
0.21677155755360655
0.2167429146951011
0.21675465344009953
0.21674023825598207
0.2167143588513136
0.21671114668875516
0.21667474577235635
0.2167225857169249
0.21667023414765743
0.21674014232384406
0.21671617602506482
0.21671658836913252
0.21670416770725257
0.21666973644115817
0.21665507397608252
0.2167351162498712
0.21668205513229605
0.21673799958141607
0.21667416285000043
0.21666230788030247
0.21667902970239322
0.21673838196515094
0.21674636031386882
0.21670904160624982
0.21667029576768215
0.21665427005953258
0.21658246455109542
0.216597807344761
0.21657736186827886
0.21659941427043228
0.21667020782574445
0.21664855193490676
0.21664412418156082
0.21675433160005012
0.21675971084170872
0.2167396377613932
0.21672516294776925
0.21662704798223453
0.21657429594726263
0.21663887830821232
0.2166998747852631
0.21671269856340014
0.2166829357415399
0.21666557052795418
0.21663968355044141
0.2166334041367097
0.21664616843412512
0.2167017763204105
0.2166492202912742
0.216642847030294
0.2165736950654416
0.21657747377020817
0.2165698150620442
0.21647762481226623
0.21643055516385262
0.21643684362016286
0.2164156052149525
0.21636202688168804
0.21639748014020643
0.21632683678646947
0.21632834142768292
0.2163466019896873
0.21635505184052997
0.21634199054979836
0.21627330279980714
0.21624439862639686
0.21623729544759712
0.21625897917069462
0.21629442638048277
0.21628111330941083
0.216227353404194
0.2162905847077242
0.2162353355789139
0.21618537891150433
0.2161607514378751
0.21609673603543955
0.21609774160343423
0.2160227224657055
0.2160004959116291
0.215947271330016
0.21597050435765444
0.21587515876557
0.2158522772802222
0.21577854733855156
0.21579308282536797
0.21584752268952556
0.21582587115118085
0.21581273369222823
0.21589153291977414
0.2158685712408192
0.21588113974465098
0.21585788554790716
0.21579716692887416
0.21574846342853063
0.21569058704863553
0.21567491240129766
0.21563962323768954
0.21562641054597653
0.2155738836960631
0.21553496608166112
0.21550059274660616
0.21549950714550245
0.21547896600560343
0.21548598674851108
0.21561128217726946
0.2155171062641409
0.2155095712513141
0.2154074387296021
0.21538201651705471
0.2153330190809345
0.21528591426230903
0.21527435917548682
0.21524123481442384
0.21519407457709683
0.21516659707756516
0.21515097322484708
0.21515469871479878
0.2151203247806853
0.2151027793593271
0.21505532705746938
0.2150732742917567
0.21512341338060634
0.21511205726928262
0.21514931902832424
0.21513974338218017
0.215079698925361
0.21510186251689267
0.21503024233834506
0.21509015765683404
0.21520927154100858
0.21519209359294814
0.21523530497350207
0.2153289103079633
0.21535079947748823
0.21530914463879872
0.21533599689575444
0.21543776296882652
0.21541479323002288
0.2154052119925527
0.21540411816459912
0.2153768298878792
0.21540922136771365
0.2153796204553419
0.21535943482182535
0.21536103159007502
0.2154322717972168
0.21541679724052676
0.2154118368720689
0.21536055236257196
0.2153371266499841
0.21531012108411418
0.21535208398780464
0.2153520016994291
0.2153241333363633
0.21528650737170016
0.21524742320586088
0.21524034115794785
0.21519935543942437
0.21522550843430835
0.21521000847715627
0.21526887735738848
0.21524420386887344
0.21520614996103096
0.21518182206613748
0.21513932998999055
0.21509616983934457
0.2150800568729675
0.21497861178781136
0.21503203574236698
0.21499024538977726
0.21498172942857569
0.21501911784861355
0.21503769791052996
0.21498358339615894
0.21497909213209937
0.21492323140490563
0.21496920072157202
0.21496436070457092
0.21491795404632816
0.2149570426856404
0.21494108206661405
0.21494648756418258
0.2149121892595213
0.2149108495405737
0.21488233839516482
0.21483383115640287
0.2148461020468567
0.2148932898909615
0.21493440756968038
0.21488323863650996
0.21487190547230192
0.21484596622974192
0.21484749370709202
0.21485212410189755
0.21483093296679168
0.21488694876811337
0.2148566001577052
0.2148580248305344
0.2148869288964318
0.2148134069083187
0.21476030266044205
0.21478652801972736
0.2147708809589013
0.2147740343845438
0.21475677888840436
0.2147354046884773
0.21472217939076146
0.21470531442159424
0.21470644182258858
0.2146984888202459
0.21465390747476365
0.21471304095753396
0.21471300199235283
0.2147084392145093
0.2147317676755943
0.21468849883162788
0.2147344158958017
0.2147142721467281
0.21461734685138337
0.21460775177784633
0.2145453727302643
0.21454879418926734
0.21449954683292868
0.21443232355629585
0.21440032359299271
0.2143206785517955
0.214337823953605
0.21429914075641252
0.2142598908394575
0.21424293456302174
0.2142816083430208
0.21427421542299782
0.21434323362471466
0.21432117381369606
0.21426309183067668
0.21423581032946507
0.2143106572114912
0.21434219488933193
0.2143939112064954
0.21442226213148072
0.21442215517592458
0.21447707199216506
0.21451447945692598
0.21450083857041244
0.21449814395572261
0.21463123752614124
0.2146236532154984
0.2146404912664298
0.21461139730852816
0.2145746403702009
0.2145166675275339
0.21451563940825433
0.21453118609430724
0.2145281766289435
0.2144875966523375
0.21451421813461727
0.21449120016555945
0.2144750991099845
0.21443269487168798
0.21439666233935586
0.2143760584422084
0.21434939357541674
0.21434909760087423
0.21434927089621628
0.21430630358359354
0.2142763060688431
0.21420745047128567
0.2142322524384687
0.2142087115933633
0.2141703311723285
0.21414508087094347
0.2141275821842915
0.21407686816149168
0.21403518958473153
0.2140876556436221
0.21411060804805132
0.21408979669549663
0.2140736807656705
0.21404326505530646
0.21398709486907636
0.21398216902135728
0.21397720513782545
0.21398606325664188
0.21393589735315918
0.21391735646580712
0.21393029381307171
0.2139387827839046
0.21389861840731764
0.21387090159354588
0.2138469242790834
0.21385769088401105
0.2138113633431932
0.21380330014232155
0.21379731700049226
0.21379603606612324
0.21377433583115413
0.21374878748403198
0.21371752285900825
0.21373231282484703
0.21369801382417467
0.21365460608660644
0.21367496463926752
0.21362656226031507
0.21369581757369077
0.21373508063041502
0.2137730030807305
0.21375573612956308
0.21373179876020862
0.21364749164760377
0.21369233634580867
0.213692320900601
0.21364058965665567
0.213678892751315
0.21368035982167807
0.2136811226030081
0.21365489734594892
0.21366632935358726
0.21370940336981203
0.21367424978672342
0.21359861931935487
0.21355570417455508
0.2135043443602458
0.2135374258232392
0.21357265116832228
0.21348846652186834
0.2135611035825786
0.21357589851324696
0.21358058621644058
0.21354853874889382
0.2135436689282117
0.21352155490289773
0.2135288056188029
0.21346575731342288
0.21344456123468197
0.21349862478062756
0.21345708648618747
0.21343280276991264
0.2134564912350075
0.21344504218991348
0.21339581578320313
0.2133460237658816
0.2133316758920722
0.21335027719948185
0.2133272168808427
0.2132932348460283
0.21337369712861837
0.21341952751517038
0.2133371064513194
0.21328013806468493
0.213309823828661
0.21330852616872972
0.2133471410324203
0.21331808099208713
0.21331913942514463
0.21330022165098705
0.21329516752837865
0.21324442549091693
0.2131803915652467
0.2132229796955372
0.2132286372772767
0.21321580759731346
0.21323308425689166
0.21319936878329587
0.21317188694247513
0.21318559180344304
0.21316145703172504
0.21317500957997093
0.21317775712273035
0.2131692535391821
0.21313166246017887
0.21320346855465622
0.21320918188033797
0.21316542660685883
0.21321059656596045
0.2132739483592982
0.21323784956442743
0.21326024561292595
0.2132545228206214
0.21323024406790606
0.21322973364988962
0.21319665595380735
0.21316174695989715
0.2132141607177778
0.21317718524194385
0.21311501324018264
0.21313918995483325
0.21312806954831043
0.21311122113349143
0.2131688614828698
0.2131362723023569
0.21309715301620114
0.21311249327710147
0.21310233521291008
0.21304480347717294
0.2129944976517763
0.21301608973555564
0.21299740784736568
0.21292235579871022
0.2128336595129438
0.21283457750223558
0.21281503530745768
0.21284791648105125
0.21281307722953147
0.21284922510934792
0.21283503876704918
0.21284665217498677
0.21280322169060462
0.2127917106691562
0.21279764437594084
0.21277168835867735
0.21271987961055974
0.21269269732589427
0.21273678855529246
0.2127307513040857
0.2127416952625307
0.21278131934889694
0.21269854467954472
0.21264711350701082
0.2125948340852931
0.21258841451870245
0.21257364817570296
0.2125495548243938
0.21254532562026887
0.21248112274542522
0.21242765067145228
0.21243662999546323
0.21241616595703158
0.21242791397213254
0.2124187058833062
0.21242334610455996
0.21241338893012962
0.2123947749189843
0.21244888448183466
0.212430694101387
0.2124428635125333
0.21240724227330895
0.21237794700123014
0.2123629870466537
0.2123385964668401
0.21235190552180436
0.2123948005682304
0.2123492249414117
0.2123229127258093
0.2123011775149581
0.21232306040132168
0.2122678763431289
0.2122546728857698
0.2121871569554829
0.21219247627865384
0.2122372603738216
0.21225906696404118
0.2121955027902316
0.2121538107859036
0.21212933539365608
0.21216668078532586
0.21218127970020934
0.21214651408773222
0.21215715517585118
0.2121348353741479
0.2121961485546873
0.21227642314809475
0.21228934082073647
0.21227519265904002
0.21229666075942588
0.2123527736536094
0.2123256753531723
0.2122948742666254
0.21232362266893723
0.21235494358112272
0.21232206942015933
0.21231466633317914
0.21227980031237484
0.21229663496549295
0.21234267667775955
0.2123056377780619
0.2122794188850123
0.21224629011526552
0.21219388725216232
0.21215782889750953
0.21214089730117894
0.2121128980749049
0.21215927358160852
0.212124686616617
0.2120829180914564
0.21207930083678225
0.21207540717346388
0.2120771613178773
0.21205392529491937
0.21208297554403543
0.2120288156742413
0.2120192845662435
0.21200406072154138
0.2119899883011817
0.21202105437318783
0.21205534952220007
0.2119993728528006
0.2119806256205083
0.2120354858269598
0.21205214060536598
0.2120314350477735
0.2120159606044302
0.21196615741843275
0.21198170628022026
0.21199514162263136
0.21209675588086246
0.21207280148347576
0.21204496425512312
0.21202576491113193
0.2120081483611387
0.21205802456176193
0.21204303785534584
0.21203468835392458
0.21204556697289426
0.21210317408240453
0.21210108403468605
0.2120849208703449
0.21207631284196973
0.21207082495500482
0.21208156178804352
0.21211327819833092
0.2120688587671057
0.21197781355817927
0.21200288783913945
0.21199148350615293
0.21199045296076058
0.21193591069627346
0.21197285065860383
0.21200489019399607
0.21192238691977036
0.21192473539691647
0.2118952385318141
0.21190369036645948
0.21190316647500593
0.2118643507436689
0.2118399093826783
0.21185181635935896
0.21182078926908365
0.2117831897433981
0.21175380160385557
0.211800099511148
0.21182861904502062
0.21178778743478352
0.21184873302449803
0.21188549710645022
0.21181782908171562
0.2118051650448867
0.2117617647049549
0.21172885169064043
0.2117827575837869
0.21179504135582586
0.21183553638568517
0.21183365337827262
0.21183596787614078
0.21182365055623695
0.21180078802766597
0.21172876727346354
0.21174923222435757
0.21174546994297927
0.21170844738448752
0.2117003191498147
0.21172074140919234
0.21174775749376143
0.21171973329363256
0.21170858448374005
0.2117095200046535
0.21173770733770528
0.21174008191213603
0.21172452787089943
0.211771021092621
0.21185159038923698
0.21192128305113356
0.21186491278332245
0.2118663400190034
0.21185829693972777
0.21181774070387446
0.21180883648691548
0.2118093039432332
0.21181153588435442
0.2118151158951187
0.21184854548469365
0.21186970538317956
0.2118467308758441
0.21180217348924757
0.2117491513141263
0.21174759812599334
0.2117036188004296
0.2117130193478221
0.21169067259057034
0.2116491945823315
0.21161247216772547
0.21159703442460767
0.21162027062131533
0.21159781883934592
0.21160790092472742
0.21155827337849226
0.21155156096196784
0.21152256587413398
0.21152268694086304
0.21151231408008903
0.21150673830654998
0.2115471266460683
0.21152078802042282
0.2114667495254523
0.21151103933083126
0.21148329184612347
0.21150816476033704
0.21147770217427547
0.21141095706485336
0.2114042668176652
0.21142347931879574
0.21141649917535774
0.21133796554138354
0.21132848759144687
0.21128440458520067
0.21128349313291753
0.21128940078893554
0.21125825010434104
0.2112955748320853
0.21130101267043977
0.2113201469667344
0.21139809039873836
0.21137098013478373
0.21137458422222122
0.21136158904383323
0.21134442040995466
0.21130917213843123
0.21129716278214453
0.21127219274166306
0.21122908136823168
0.21126733076484763
0.2111803371676525
0.21110295803125442
0.21117002813187533
0.21114269290215648
0.21113364128439638
0.21114335673787346
0.21118141144625913
0.21119149317078562
0.21121873579493392
0.21118297075778594
0.21118116291581693
0.21117003349204683
0.21111315767602234
0.21111377712135396
0.21118380437805273
0.2111778891863304
0.21113901677168384
0.21118374964343128
0.2111997077686351
0.21116556298065853
0.2111751898942656
0.21112586744910458
0.21109678384325914
0.21109567107975122
0.21114484178812004
0.21111823046542721
0.2111629737319501
0.21116082002423942
0.2111912338424581
0.21125722958635013
0.21124554331827364
0.21126936386802653
0.21119652491190624
0.21117407287289391
0.2111536371504405
0.21114059889836478
0.211071691654147
0.21104131722189848
0.21102535340232625
0.21107217341695866
0.21104753659805928
0.2110682451383249
0.2110748463241569
0.21105434216040245
0.2110580688368203
0.21104490296946918
0.2110385903951405
0.21100666588776626
0.2110132947958245
0.21099952485883372
0.21107641303987132
0.2110438998266678
0.2111156004625548
0.211087452940995
0.21111922544862974
0.21112520939293447
0.2110656934622146
0.21104519115782253
0.2111032604574202
0.21112539485369722
0.2110509480786836
0.21103505932295438
0.21106083092826267
0.21108632956794432
0.21112530418931078
0.21110771030242015
0.2111371994242888
0.2111450497297136
0.21116316172828323
0.2111764089223464
0.2111955245681962
0.21120995948151344
0.2112074420771293
0.21122420880064308
0.2112896510382945
0.21126881849421852
0.21128742328822125
0.21131616116205887
0.21133126092976645
0.2113653651204239
0.2113623873973206
0.21137689734928522
0.21134764409246112
0.21131595881843848
0.2112726977979975
0.21123522944657416
0.21121039065055777
0.2111792912512304
0.21116487824550703
0.21116074547676147
0.21114112707762728
0.21108654204270405
0.2110740506368193
0.2110991055945815
0.21105375997050926
0.21107029744106495
0.2110473446373624
0.21108240068454867
0.21104760169513898
0.21104904121562337
0.21107803724592372
0.21105624399125764
0.21103916813818407
0.21101156223068968
0.21101572066879593
0.2109616402952407
0.21092687111922062
0.21091712398668921
0.21090788104727318
0.21090022747548634
0.21092931280489044
0.21094860091212608
0.21095186631737062
0.21103277379191843
0.2110523285344243
0.2110334310093824
0.21101947471725419
0.2110115518885641
0.21098794623439113
0.21097163729917234
0.21097395380001882
0.210913229125258
0.2109232035356166
0.2108969035123178
0.21091479113366868
0.21090950761594437
0.21088420535515512
0.2108485830978346
0.21082698394475832
0.21078315717880583
0.21077296973688278
0.21076259464289585
0.21080199756104404
0.21083247976566427
0.21086661249596989
0.21092176096977674
0.21090501288296268
0.21091222457860984
0.21095416054142765
0.21093817737126191
0.21092360653805187
0.2109112121595335
0.2109405852926524
0.21093253504670417
0.210899277054397
0.21087539137289
0.2107932793073238
0.2107570671615323
0.21079002009424574
0.21080597718911512
0.21080449673875853
0.21081140689669625
0.21081042150321683
0.2107998276609125
0.21080947343113
0.21084990079568985
0.21086806795371274
0.21085281957200339
0.2109020519699908
0.21084993526877538
0.21089416637622335
0.2108650726771571
0.2108100164751685
0.21081147162189204
0.21078347773840203
0.21074084223653358
0.21069690917275624
0.21070176393453258
0.2106843486017407
0.21072718428289577
0.21072823308223293
0.21068270307181838
0.21065955239391074
0.21071748711531735
0.21073246694696338
0.2107022198079812
0.21067901519406343
0.21063999851653614
0.21061545347765787
0.21062306538628264
0.2105920172489514
0.2106318426010448
0.21063471212256796
0.21065916000244653
0.21066004036486277
0.21068607094608593
0.21068594087105386
0.21064881094837287
0.21068224859767648
0.2106804110150036
0.21068426694749937
0.21065242828646122
0.2106440073808107
0.2106435896982184
0.21059609467789916
0.2105944795700136
0.21066533538539356
0.21062793332748228
0.2106219050105783
0.21058904838097353
0.21058063422948736
0.21059678724098857
0.21064242093881458
0.21062422668127068
0.21062529728440127
0.2106389866031927
0.21067591319435738
0.21065562654269057
0.2106677325882956
0.21067911625083943
0.21066826142367512
0.21062922429183406
0.21063105557336956
0.21064804861255948
0.21060865156145558
0.21060109424529322
0.21059896603757938
0.21058112177703683
0.21061051885737264
0.21062426138391246
0.2106386637505706
0.2106297423394058
0.21060381894074442
0.2105718965869335
0.21057990357834608
0.2105323103146001
0.21051468857529188
0.21050584001749234
0.21056437550212304
0.2106081556070066
0.21062383429718115
0.2106034148746835
0.21054386448247817
0.21053397895127926
0.21050621675469486
0.21050101992220935
0.21049311339688012
0.21048898825526768
0.21051490841616202
0.2105849602029326
0.21057872425934845
0.21055999842921314
0.21056426504258746
0.21052701620848158
0.21055089889117812
0.2105141905490317
0.21049452083920323
0.21050984617063656
0.21054128725269985
0.21057650956589924
0.210590807892702
0.2105911970350125
0.21054033746690662
0.2105968039680136
0.2106390715858453
0.21065647806463772
0.2107283779381642
0.21071996615415628
0.2106811712994459
0.21064882144659944
0.21062714842515814
0.21060147993797207
0.2106453608495294
0.21059574247226773
0.21067468906717696
0.21065530285553946
0.2106311868208096
0.21059875274867107
0.2105576776134577
0.21054349433638483
0.2105252606963711
0.21050577458968672
0.21053478700513512
0.21054310971430784
0.21053859029818947
0.21050616076254114
0.21045779844638982
0.21047446515164647
0.21051879898070075
0.2104846500332725
0.21047979421334548
0.21054123444416908
0.21053161472314194
0.21052882846270102
0.2105976972242052
0.21057280298818423
0.21056772321447187
0.21054551044499856
0.21051578782575997
0.21047448618241102
0.2104568784826725
0.2104175902300437
0.2104272491747715
0.21046284931384984
0.2104455367831344
0.210506693211156
0.2104609633898201
0.21048056342790086
0.21046332137969634
0.21043971273318393
0.21047470931989515
0.21047064441179095
0.21047578169849182
0.21047289318226037
0.21046565842465978
0.21047140849376475
0.21047737504781444
0.2104942930316452
0.21047502780224495
0.21044764091209098
0.2104715114093901
0.21045038382498685
0.210486897805261
0.21045869844459691
0.21046683064234428
0.21041941964088504
0.21036835225874118
0.21037119243871932
0.21036422569015095
0.2103887299384259
0.21038557629185506
0.2103620558470171
0.21038583562529822
0.21039939059264784
0.21042814007751187
0.21042215137053563
0.21039993240502564
0.21043408956929974
0.21045753555243324
0.21039230880344595
0.21041508899707384
0.21048431762326986
0.21048674774655513
0.21048548257477573
0.21046498205013028
0.2104600407993016
0.21042005528690585
0.21041049732109346
0.210434129368665
0.21045247427968056
0.21049982580429566
0.21047300995256937
0.21047686549760944
0.21045916075540994
0.21044268238656072
0.21041342112918293
0.210367879363886
0.21036607863474147
0.2103572239325342
0.21032448418889985
0.21036051195159988
0.21037445865649704
0.21034711642721496
0.2103728870085443
0.21033866544960128
0.21032230472000724
0.21029978555362255
0.21028674580906961
0.21027897702134102
0.21026423291136442
0.21024926556521548
0.21025866965168227
0.21031933058715063
0.21030999043662296
0.21031836252210728
0.21030465470173065
0.2102671817347204
0.21034413939016894
0.21033494965021693
0.2103212280546078
0.2102985197733431
0.21028941125050635
0.21029186777373832
0.2102712024787382
0.21026107002571226
0.2102484834089619
0.21024078053372394
0.2102778774719273
0.21028541580226404
0.21027256631164137
0.21026077049026967
0.21026125778587135
0.2102052836583859
0.21020112992975165
0.21020306526382723
0.210173038546217
0.21017885823351493
0.2102120850217435
0.21021211902516862
0.21028281903009172
0.2102287643121197
0.21018803283723161
0.21017280428776128
0.21018787061499078
0.2101693450820647
0.2101402857548859
0.21016362334936148
0.2101651124436197
0.21015557122568818
0.21013934782899843
0.21015291982009618
0.21015747396926257
0.2101492251194365
0.21013078897287013
0.21010822906515933
0.21010293640013813
0.21006859396768243
0.2100852603093525
0.21008112662984169
0.21008416472822133
0.21007923808092785
0.21004573728670436
0.21007283319410164
0.21006133373388042
0.2100204242679371
0.20997568322598512
0.20997343264904128
0.20998460848750183
0.20995896113758217
0.2099293787939902
0.20995397460540846
0.20995435573622837
0.20994148537694962
0.20990812896632854
0.20989411285767953
0.20986931309358062
0.20984223840661861
0.20982593472549438
0.2098275309869073
0.20983173720130366
0.20978097053950126
0.20976706376058146
0.20978610091234692
0.20974608874745485
0.20974069203148246
0.2097496450542298
0.20972373132767688
0.20969800890390292
0.2097126663278922
0.20969743024899132
0.20969073447476513
0.20968300188094505
0.20966599974273545
0.20966661197186653
0.20963929027449413
0.20962310495533887
0.2095577076191885
0.20952020609498695
0.20955564770789667
0.20954376728427643
0.20953704775614745
0.20953233202006472
0.20948444863982194
0.20949145028827704
0.2094665688419238
0.20945735248538216
0.20942373543697837
0.20941019241030692
0.20940368125379524
0.20939338457927367
0.20943476569068842
0.2094569832401924
0.20947170011638744
0.2094887058473994
0.20948018255539266
0.20950881448340367
0.20950628473799976
0.20949661471323183
0.20950842748626597
0.20951774913839177
0.20945851934516949
0.2094757961239099
0.20947989122619462
0.20944624613553411
0.20943341585950784
0.20951784490716888
0.2094988766076941
0.20950876203334495
0.20952272180041523
0.20952887588936742
0.20949846781227033
0.20949536032751803
0.20950032040502511
0.20949006415960683
0.20949993645736656
0.2094601155025082
0.20945444802723676
0.20945842541081328
0.20945019975330256
0.20942593948349328
0.20941492386336014
0.20939516892281593
0.2093629767460858
0.2093699388056652
0.20944237423321332
0.20938275147048924
0.2093985640769931
0.20941818984501628
0.20943072263688053
0.20942507777682373
0.2094430861248431
0.20942824914254501
0.20943643531834358
0.20945525037095705
0.2095025611049832
0.20949221731537718
0.20953649854624368
0.20957141740341695
0.20956473442638857
0.20955277552768106
0.209552641187078
0.20950617360153861
0.20950780692069004
0.20955606111032057
0.20951293592948014
0.20950630793065136
0.20946929306369966
0.2095038097893035
0.209549982194421
0.2095387534102837
0.20949816090587697
0.20945958325989097
0.20945687742349536
0.20947639427083467
0.2094771974217498
0.20941579819880693
0.2093720924169623
0.2094601605191428
0.20947461145401516
0.20948625484414807
0.20948299327626801
0.20955361094077615
0.2095296658635801
0.2095075407727079
0.20953140160404987
0.20952019255786114
0.2094849860281659
0.2094815114196187
0.20946846515508005
0.20947329089059502
0.20942580949414497
0.20949361078234416
0.20950750034997823
0.20949947452343617
0.20950326944879266
0.20948313878662955
0.20943285645791582
0.2094285163618666
0.20942810775117257
0.20938169680953583
0.20937211419454316
0.2093742392786045
0.20936227283740305
0.20934581646390507
0.20939888070031668
0.20946408849847334
0.20948285078817366
0.20950444745183813
0.20948894752672528
0.20949632820622993
0.2094660201564165
0.20949923605555867
0.20947217819810335
0.20945212038773484
0.20945955501543878
0.20946826366275073
0.20944642473668149
0.20945137344588477
0.2094333934761534
0.20941683538258077
0.20940814125185794
0.20938079322601608
0.20935738996828349
0.20935355670054495
0.20936546075606235
0.2093022769777003
0.20929249074188738
0.20932769331952905
0.20929855093175337
0.20930431342292954
0.2092444339756085
0.209238108698214
0.209234713633824
0.2092476467254385
0.2092757620611589
0.20925451334248452
0.2092196123494566
0.20920753839655398
0.2091851800703495
0.20915634954626058
0.20914201938035584
0.20914860073933608
0.2091624764451446
0.2091684864074233
0.20918955729849747
0.20915354948555206
0.20912319362987433
0.209094667849632
0.20908891772659888
0.2090844694880444
0.20913638957651087
0.20909618949199996
0.2091092511586834
0.20911201687591793
0.20914800631380454
0.20913786238181487
0.20912746282561653
0.20916471750353813
0.20919683966213387
0.20917234570400917
0.2091557631107069
0.2091432094531781
0.20908016127304951
0.2091152441986082
0.20912640085307896
0.20910442736379012
0.20906596696636023
0.20902312216744495
0.20899073386757633
0.2090324939091186
0.20901262674220206
0.20897199032122346
0.208935946050565
0.20891942955802878
0.20890411268377845
0.20888048755252137
0.2088183467391456
0.20881170134069896
0.20879607666662597
0.20883929721957
0.20885605929576195
0.2088047688456011
0.20880459714275693
0.2087844534553979
0.20881151776774315
0.2088053182761864
0.20883132480718816
0.2088229120582601
0.2088195709235341
0.20888136434040383
0.20887677889823678
0.2089369279047374
0.20890619064280172
0.20890313158812032
0.20891088544851713
0.20892130041267093
0.20890441392904516
0.20891158426838083
0.20892110139349102
0.20892129005142698
0.2089717229002931
0.20894630407920556
0.2089141921647821
0.20889640011874602
0.20888157866211782
0.20887397759932594
0.20892607870409272
0.20893461689917872
0.20891005188646866
0.20890449722978008
0.20889922336067493
0.2088782226704903
0.20887831660318942
0.20886841372347362
0.2088830075310176
0.20886197018085714
0.20880501893252923
0.208836780548912
0.2088138962473851
0.20878501237305097
0.20879177566156729
0.2087562813732905
0.20877786876275614
0.20877515286188567
0.20875348676860864
0.20873970037837597
0.20873488436687704
0.2087176314326182
0.20867161676035223
0.20864666886362057
0.20866758468297342
0.2086699161569727
0.2086344461979615
0.20861756794244826
0.208598717321307
0.20862306159404473
0.2086309830467369
0.2086005915655568
0.20866371513633608
0.20864067235184075
0.20869058632855408
0.2086652423882309
0.20861542609641215
0.20861988478254642
0.20864007246634322
0.2086204606036067
0.20862241163070977
0.20862329834719162
0.2086010159741264
0.20862617504609898
0.20859872936603982
0.20858321890306106
0.2085521531625897
0.20859387637135438
0.2085324024439332
0.2085228022398491
0.20855731649474257
0.20857261854825174
0.208583130762796
0.20861835826970176
0.20863330498014607
0.20868954502944276
0.2087304965902049
0.20869752054875923
0.20873862507910482
0.20871983627785118
0.2087210900983252
0.2087109843527782
0.20866658490703935
0.2086213776674809
0.2086306509351749
0.20859612256594717
0.2085841288482718
0.20860748072035504
0.20861248092235704
0.2086774360059239
0.20869105839109123
0.2086587399329182
0.20866238343912505
0.20865583942580035
0.20865471954640075
0.2086189056866948
0.20860314688093287
0.20857275077821014
0.208575462574022
0.2085983719538711
0.20858141165851485
0.20856678456008185
0.20853159932859305
0.2085422418224926
0.2085002441061901
0.20848873496525974
0.20850750490973705
0.20850990728029456
0.20853465677462907
0.20847647402335628
0.208501848452504
0.20852439417291446
0.20854014770122
0.2085804179965154
0.20859361697514237
0.20860987941633818
0.20860435948347966
0.2086038749002518
0.20857259071134548
0.2085831807580405
0.20855922507164815
0.20855453500134577
0.20859167935977718
0.20860512224405334
0.20857373310920374
0.20857146494658318
0.20859436036366194
0.20858272192977154
0.2085780025849757
0.20860817427262124
0.20861272948548032
0.20860944606229853
0.20858574358253393
0.20853594059063466
0.20852650007688395
0.20856738821235266
0.20857132401373918
0.20857412446766999
0.20857496577925208
0.20855822504627441
0.20859262421996758
0.20855358248699074
0.2085635270827165
0.2085719906018082
0.2085685977707146
0.20855062804849628
0.20852851953313903
0.2085338396776753
0.20855034320484014
0.208597023753505
0.20864742408969675
0.20863836490697174
0.2086498713409739
0.20868905562952186
0.20870808174767225
0.20875486020505796
0.20876325391209988
0.2087515857627117
0.20876662761853268
0.20878027032682012
0.20873584385456428
0.2087065696014073
0.2086918132842127
0.20868810506776359
0.20867770702291027
0.2086524841075602
0.20865377876207822
0.2086794212131105
0.2086651097366478
0.20869872270705492
0.20869875449552563
0.20866772700437722
0.2086676152247806
0.20867780626035934
0.20869420470139494
0.20868504737720406
0.20869252364955707
0.20871204154343478
0.2087141335954522
0.20866993508994863
0.20866129953631996
0.20867704977118418
0.20863633727940792
0.2086046929807989
0.20858054493603886
0.20858357568951857
0.20861408058642392
0.20864897219368808
0.2086488888759987
0.20866158237331744
0.20866702653803335
0.20864323877388546
0.208634633268876
0.20860791212221996
0.2085974995123729
0.2085678177537056
0.2085392943301954
0.20855151246081197
0.20852599939192973
0.208499643450294
0.20852058274001084
0.2085247552691834
0.20854976644875248
0.20855460002402731
0.20855220779839373
0.20855589164091373
0.2085404148673001
0.20854150168672983
0.208515902649398
0.208530912149443
0.20850925935021178
0.208522796358323
0.20851785237960413
0.20848940660785728
0.2085390358804024
0.20851961845206082
0.2085456461436131
0.2085916546397549
0.20862778038999077
0.20860182190565746
0.2086117568461438
0.20860995651303002
0.20858842543770756
0.2085900614440591
0.20857902954420485
0.20860321466397252
0.20861498868202608
0.20858337576184816
0.20856978873656845
0.20853600494404156
0.20850905717318172
0.20850886550451594
0.20852144934553044
0.2084893343873782
0.2084962719154901
0.20849045754426174
0.20852222776548654
0.20854447058409145
0.20855909775011242
0.20853545478557853
0.20853577992834801
0.2085396194693459
0.2085161017614867
0.20849392384154328
0.2084795515606315
0.20845077933677317
0.2084539747837822
0.2084643378879797
0.20847600059169175
0.2084811591174873
0.20846698600192806
0.20845920142556618
0.20847007795221556
0.2084602794373658
0.20847515479552828
0.20847665700835524
0.20848175530575558
0.20848038081177203
0.2084429207183914
0.20845256225002182
0.20844992657064465
0.20845197538530694
0.20844641155452423
0.20843214115882217
0.2084333153751784
0.2084158766746452
0.20841108657766622
0.2084151144797759
0.2084294244948246
0.20845768797168024
0.20851837614204705
0.2085027436578712
0.20848264856154716
0.20846770609586301
0.20847234636488737
0.20843885634934722
0.2084639462414906
0.20848070562692428
0.20847350749689594
0.20846649113122528
0.20847534064085937
0.20846706902595422
0.2084806071656772
0.20848638093395674
0.20849612359207023
0.20848078216439217
0.2084506639160871
0.2084482394045212
0.20842922260832103
0.20844827237609506
0.20846396346111462
0.20847823370834997
0.20847617657019585
0.20846619241476155
0.20844413280908838
0.2084420753084184
0.20847815837335887
0.20846056055317774
0.2084291543428074
0.208457978632166
0.20845877452480352
0.20847653124300222
0.20853932030491687
0.20854339426836124
0.2085547487331045
0.20854418976994593
0.2085559135175406
0.20855573315262
0.2085748783376444
0.20858870647381839
0.2086112546997659
0.20857432315940097
0.20858461114171367
0.20855456435644046
0.20857224340268418
0.2085696097020257
0.2085506843289214
0.20853805680465548
0.2085237540988034
0.20851375093984065
0.20850727414696596
0.20852442427519907
0.20858055916608792
0.20855651195047836
0.2085256868772986
0.20850718953077427
0.20850268590753812
0.2084940519538434
0.20847491334617427
0.20849283446989586
0.2084690301671846
0.20845870949289405
0.20843340177690994
0.20841804217601342
0.2084436312814794
0.20844490264208904
0.20844273920982037
0.20842711422225763
0.20840308996998974
0.20835532261655143
0.2083530720031498
0.2083495172383543
0.20833834503794127
0.2083422116149403
0.20836767940185316
0.20839823903962562
0.20836765110010863
0.20836652826305735
0.20836837614595985
0.20835841826170118
0.20835004055903683
0.20834869837494302
0.20839401939794105
0.20841265415434948
0.20836138147298863
0.20838329530320165
0.2084406784313269
0.20845475108441863
0.2085194794861122
0.2085269504471138
0.2085428655805027
0.20853484260634642
0.20855641470644887
0.20861351321876048
0.20858003385662938
0.20858111206726845
0.20856322624596774
0.20854005913023047
0.20851950335700195
0.2085197640869068
0.20854740769877117
0.20856885008628076
0.20857263053277056
0.2085923982359338
0.20858777048985702
0.20859953520922267
0.20861261622615782
0.20865314870576696
0.208618250823206
0.2086094806201469
0.20861555213069533
0.20864626345370763
0.2086135155939599
0.20860831407454036
0.20861661911320986
0.208655534022108
0.20866095987734357
0.20867643537453506
0.20866391249769736
0.20864021937652208
0.20862045653133657
0.20861684329585636
0.2086448705121497
0.20866301767882284
0.20866960242416602
0.20863773000400335
0.20858901817507292
0.20861045230886405
0.20862142386186067
0.2086351207171398
0.20863266804377484
0.2086139409665938
0.20861828306044644
0.20858430476185363
0.20859266235654914
0.20857778010712857
0.20854284649190372
0.20853444630190207
0.20851271681381794
0.20852981448626995
0.20851488298740037
0.20848078445583967
0.20847179044728187
0.20848303743058771
0.2084663216269784
0.20844486534307036
0.20845325640300166
0.20843862080855746
0.20846150692540613
0.20849220742609414
0.20847888573556952
0.2084423128569319
0.20846928683771804
0.20848286256275989
0.2084592633044063
0.2084618270272114
0.2084509152667819
0.20847037796768678
0.20845821176635154
0.20849976138819146
0.20849988397670663
0.20848826774286042
0.2084592699277948
0.20846126050468247
0.2084472836006913
0.2084195833142834
0.20842901077540854
0.20838779662469378
0.20835914044699166
0.2083664904798066
0.2083540145339192
0.20836314118472796
0.20834118539476756
0.20833932957357718
0.20834916910529602
0.20831670149136247
0.2082984218022036
0.20830499561287025
0.208337268605248
0.208323335766964
0.20829941685442555
0.20827788627543276
0.20830286044381702
0.20832966092458316
0.20829058382069388
0.20827752319394727
0.20825448573953045
0.2082372247974865
0.20827584674882685
0.20827950760710595
0.2083051066220149
0.20829866427131832
0.20828556390097897
0.2083024741749662
0.2082943335569291
0.20826272127170348
0.20821412880252932
0.20820145443204147
0.20816679127664298
0.20820869236933173
0.2082286046323422
0.20825565850809838
0.20824790977220348
0.20826192685623166
0.20825003361909641
0.20821047992902128
0.20825861456014166
0.2082621426755455
0.20825728932223112
0.20821788410671385
0.20822133097848192
0.20821498261521693
0.2082141095286628
0.2082364025917507
0.20824393422244714
0.20826381574977737
0.20830011978605534
0.20826882154847906
0.2082568509183251
0.2082607085237601
0.20823968098032647
0.20821192310398684
0.2082105527529476
0.20817004489310417
0.20819495189465875
0.2081907660284903
0.20818655551831422
0.20816966805272158
0.20815884006478214
0.20815995859644212
0.2081735444978647
0.2081548850469627
0.20816191232833994
0.20814456229039666
0.20814460067424082
0.2081290894790339
0.20809282584234415
0.20809958430457803
0.20812843549221938
0.20812854648845908
0.2081681480170125
0.20817647282212853
0.20818291429462105
0.20821620292051604
0.2081959094773746
0.20819727132630614
0.20816165570833375
0.20815788186886627
0.2081444835534501
0.2081381912720445
0.20812692442519556
0.20814749174287525
0.2081270873445641
0.20813411243963006
0.20811436145905943
0.2081201945978084
0.20813772936777603
0.20817020125619162
0.20820583413697574
0.20821568155415024
0.2081903862429699
0.20817970766126204
0.20813121323365746
0.2081373419013434
0.20812286715219883
0.20810606239280502
0.2081013345026867
0.20810664488919017
0.20809563580053775
0.20812929035196862
0.20812520467541404
0.2081149598719485
0.2081087531299797
0.2080711905578216
0.20809699037589507
0.20806133433205415
0.20804381143682363
0.20802704926133245
0.20801071224964907
0.20799150811106065
0.20796402785105964
0.20798812300774164
0.20795924735115587
0.2079703737185147
0.20794786775003854
0.20794862518376225
0.20794029646755754
0.2079363921833985
0.20794774779702077
0.20797369963815057
0.20793375837987246
0.20792496939288665
0.20790813266547345
0.20794355521916896
0.2079306979687751
0.20793547625237752
0.20791057515564787
0.2078799932706093
0.20786564383633413
0.20789073695686175
0.20791236209623865
0.207920689447069
0.20792025810774656
0.20790642918083352
0.20790821087336708
0.20790722516915436
0.2078738373175817
0.20787009854939623
0.20786318859018518
0.20787199687372154
0.2078768466284386
0.20788170004304193
0.2078684353549256
0.20783836583819892
0.2079013603830179
0.20788203166201732
0.20788259474168952
0.20786651007154783
0.20784090967487487
0.20782484896080827
0.20780996489005168
0.20780017782839294
0.20777347062525023
0.20779027607230866
0.2077871953487991
0.20782329199521055
0.20782774201072332
0.20782341492168516
0.20785409952014952
0.20785968887213174
0.20787251960698921
0.2078910832075386
0.20787433088523435
0.20787536742948937
0.20784099040297316
0.20780672695192326
0.2078302674445671
0.20786213822348795
0.20786945039146643
0.20786555203518275
0.2078505863373699
0.20781248631803476
0.20783689943769926
0.20781614320973554
0.20776758262704423
0.20778332533784208
0.20777004827122722
0.20775804309972065
0.20774867372014202
0.20776668069809806
0.20777198731390367
0.20776920674735982
0.20777960466914513
0.20776842182868077
0.20779412720854104
0.20776962799330553
0.20777472632045393
0.2077794734599642
0.20776525780305838
0.20779227944647394
0.20779356362686915
0.20778864437718061
0.20776349201229877
0.20775484710942752
0.20777312415685983
0.2077553854218372
0.20774671882270382
0.207733744561396
0.20774834358133376
0.20772004214309045
0.20774120696902992
0.2077815471473745
0.20774758706136348
0.20775746020068594
0.20776034668098897
0.20779460749531775
0.2077807604598686
0.20776497875852523
0.2077824365582503
0.20776446284281214
0.20776877890789722
0.20774796183409053
0.20775753724556276
0.20775689786875493
0.20773608819908732
0.20773601313556342
0.20775070359724404
0.20774966406489664
0.20776985509495377
0.20776821574094403
0.20775965736685773
0.2077317987814907
0.20768708788200116
0.20769226154108553
0.2077127334934165
0.2076962996406852
0.20770584938660822
0.20775065299522236
0.207739600893816
0.20769419092484115
0.20772176273959517
0.20770703694798615
0.2077055747539942
0.20770340875778048
0.20767831789412047
0.20769049886723556
0.20769028272479773
0.20769849194765663
0.2076697294843968
0.2076443162246287
0.20765766461652024
0.20765020137243223
0.20765771237488634
0.20764002089371097
0.20763506572174684
0.20763592277244186
0.2076286945039333
0.20763436162930168
0.20763268290276546
0.20764320325435623
0.20764288173336642
0.20764534858150083
0.20763147480033023
0.20762085652871087
0.2076393419804474
0.20763937453988543
0.20760843421544226
0.20758742163451585
0.20759530449932106
0.20758011574245833
0.2075777046736448
0.20756053561874546
0.20752932815102745
0.20753416825263274
0.20754099367116566
0.20757400154270164
0.20755875056755602
0.2075410254582071
0.20752962470237132
0.20753789150529844
0.20756881581758865
0.2075628796659395
0.20757980418922867
0.20758913294284892
0.20758065084741376
0.20759681509022898
0.20761196980067562
0.2075937898766938
0.2075773596190901
0.2075806840728777
0.2075669707768928
0.20757777808635716
0.20763737265069795
0.20765575094247393
0.20767178243946238
0.20765680849289345
0.20764654687949705
0.20763261917595213
0.20762465957253318
0.20760761504708458
0.20760005258316044
0.2076045107448379
0.20762457671129045
0.20761509294513725
0.20759869597317307
0.2076074281829381
0.20759499434109088
0.20760405913930122
0.207613587126668
0.20761484236974387
0.20758991281973727
0.20757698904549585
0.2076309058186917
0.20762902370118635
0.20765089275792487
0.20762248462666755
0.20766996631415788
0.20766040091300647
0.2076463526136048
0.20764566077345442
0.20765268710624332
0.20762332151369545
0.2076219964542415
0.20763165244771695
0.20765612584902174
0.20764671731554873
0.20765657957448427
0.20762806592028007
0.2076268447377846
0.20760409866037252
0.20758185497855833
0.20760335827845336
0.20759903633899388
0.20758605086053095
0.20758730674588285
0.20757202879978048
0.20755316090955908
0.20755036708815183
0.20753590065521577
0.20753018023602873
0.20753247883025291
0.2075189561513246
0.20753132205152905
0.20754048693898797
0.20756539087415973
0.2075590829788619
0.20754020700969303
0.20755133519802316
0.20755348007989216
0.2075549585592718
0.20753763321437937
0.20752883014920284
0.20749638625735975
0.20750906165683974
0.20752081444809498
0.20752323837123743
0.20750637428536844
0.20750357017968618
0.20749472892672663
0.2074995002544361
0.20747043907921342
0.20746692076331708
0.2074552827284629
0.20745924265502458
0.20743711461879824
0.20742365090181175
0.2074107799397393
0.20740691585459461
0.2073763548433153
0.20735491239208162
0.20737129412873834
0.2073830151530529
0.2073830446478201
0.20738764754947156
0.20737719966910373
0.20738588554096934
0.2074034911994885
0.2073909418762323
0.20737418730897145
0.2073874615265296
0.20738407694406116
0.20736344372856244
0.20735386253981347
0.2073293710823034
0.20731649555159645
0.20733032738469667
0.20732158371921505
0.2073320742825592
0.20730456521568102
0.20729187422886353
0.20726404163158602
0.20728043160974946
0.2072707542481242
0.20731899454472705
0.20733601699712567
0.20739505822028512
0.20740960015569593
0.20745428378220704
0.20740846692011133
0.2073993323771768
0.20738701097706627
0.20736084795447318
0.20733127699005036
0.20733433467736248
0.2073229181971836
0.2073092436889683
0.20729914835999497
0.20729085132655634
0.2072846716678598
0.20728017984362104
0.20724888404015285
0.20719978702105965
0.20718339360892757
0.20713823823601876
0.20713733617088245
0.2071388110953262
0.20714057093442825
0.20713517979256052
0.20715217233127256
0.20712912023094296
0.20709721946053347
0.20707239006091
0.20705888504920064
0.20701750799508592
0.20699949093024964
0.20699656375354006
0.206988819600935
0.2069797844799201
0.20697850434171314
0.2069701374022589
0.20697778544256548
0.20698596409046696
0.20697724527502576
0.207012127632211
0.20698981295132746
0.20697405086206294
0.20696810868547155
0.2069572189601575
0.20697009710251218
0.2069348321560205
0.20691010893049694
0.20690203195823853
0.20688455607680564
0.20688890728745943
0.2068522216427387
0.2068702159375198
0.2069116618290724
0.20693100554042954
0.20695248491458268
0.2069528055692179
0.2069781434035388
0.20698384545138093
0.20699605337598664
0.20696534173529907
0.20697999405212295
0.2070011816063882
0.20699370204799875
0.20697393139150982
0.20701518894517668
0.2070048195280602
0.20700024982387974
0.20699575348470903
0.20697709534737294
0.20697538843773378
0.20697056072156803
0.20694860635951287
0.20692820781500712
0.2069461715335638
0.20691729287968064
0.2068763301890711
0.2068787780302973
0.2068548530636143
0.20681110895330324
0.20681825541366416
